 10  0 28 0.00 0.00 0.00     0 0.00 0.00 0.00     0 0.00 0.00 0.00     0 0.092
 10  0 28 0.00 0.00 0.00     0 0.00 0.00 0.00     0 0.00 0.00 0.00     0 0.092
 20  0 28 0.00 0.00 0.00     0 0.00 0.00 0.00     0 0.00 0.00 0.00     0 0.016
  0  0  0 0.00 0.00 0.00     0 0.00 0.00 0.00     0 0.00 0.00 0.00     0 -1.#IO
  0  0  0 0.00 0.00 0.00     0 0.00 0.00 0.00     0 0.00 0.00 0.00     0 -1.#IO
  0  0  0 0.00 0.00 0.00     0 0.00 0.00 0.00     0 0.00 0.00 0.00     0 -1.#IO
 20  0 28 0.00 0.00 0.00     0 0.00 0.00 0.00     0 0.00 0.00 0.00     0 0.015
 20  0 28 0.00 0.00 0.00     0 0.00 0.00 0.00     0 0.00 0.00 0.00     0 0.015
 20  0 28 0.00 0.00 0.00     0 0.00 0.00 0.00     0 0.00 0.00 0.00     0 0.015
 20  0 28 0.00 0.00 0.00     0 0.00 0.00 0.00     0 0.00 0.00 0.00     0 0.145
 20  0 28 0.00 0.00 0.00     0 0.00 0.00 0.00     0 0.00 0.00 0.00     0 0.015
 20  0 28 0.00 0.00 0.00     0 0.00 0.00 0.00     0 0.00 0.00 0.00     0 0.015
 20  0 28 0.00 0.00 0.00     0 0.00 0.00 0.00     0 0.00 0.00 0.00     0 0.015
 20  0 28 0.00 0.00 0.00     0 0.00 0.00 0.00     0 0.00 0.00 0.00     0 1.793
 20  0 28 0.00 0.00 0.00     0 0.00 0.00 0.00     0 0.00 0.00 0.00     0 0.015
 10  0 28 0.00 62.67 0.00     0 0.00 0.00 0.00     0 0.00 65.26 0.00     0 0.016
 10  0 28 0.00 62.67 0.00     0 0.00 0.00 0.00     0 0.00 65.26 0.00     0 0.016
 10  0 28 0.00 62.67 0.00     0 0.00 0.00 0.00     0 0.00 65.26 0.00     0 0.016
 10  0 28 0.00 0.00 0.00     0 0.00 0.00 0.00     0 0.00 0.00 0.00     0 0.016
 10  0 28 0.00 0.00 0.00     0 0.00 0.00 0.00     0 0.00 0.00 0.00     0 0.016
 10  0 28 0.00 59.06 0.00     0 0.00 0.00 0.00     0 0.00 59.39 0.00     0 0.016
 10  0 28 0.00 59.06 0.00     0 0.00 0.00 0.00     0 0.00 59.39 0.00     0 8.063
 10  0 28 0.00 59.06 0.00     0 0.00 0.00 0.00     0 0.00 59.39 0.00     0 0.015
 10  0 28 0.00 59.06 0.00     0 0.00 0.00 0.00     0 0.00 59.39 0.00     0 0.016
  0  0  0 0.00 0.00 0.00     0 0.00 0.00 0.00     0 0.00 0.00 0.00     0 -1.#IO
 10  0 28 0.00 0.00 0.00     0 0.00 0.00 0.00     0 0.00 0.00 0.00     0 0.015
 10  0 28 0.00 0.00 0.00     0 0.00 0.00 0.00     0 0.00 0.00 0.00     0 0.016
 10  0 28 53.92 0.00 0.00     0 0.00 0.00 0.00     0 54.59 0.00 0.00     0 0.015
 10  0 28 53.92 0.00 0.00     0 0.00 0.00 0.00     0 54.59 0.00 0.00     0 0.015
 10  0 28 0.00 0.00 0.00     0 0.00 0.00 0.00     0 0.00 0.00 0.00     0 0.017
 10  0 28 0.00 0.00 0.00     0 0.00 0.00 0.00     0 0.00 0.00 0.00     0 0.016
 10  0 28 0.00 0.00 0.00     0 0.00 0.00 0.00     0 0.00 0.00 0.00     0 0.017
 10  0 28 0.00 0.00 0.00     0 0.00 0.00 0.00     0 0.00 0.00 0.00     0 0.016
 10  0 28 0.00 0.00 0.00     0 0.00 0.00 0.00     0 0.00 0.00 0.00     0 0.015
 10  0 28 0.00 0.00 0.00     0 0.00 0.00 0.00     0 0.00 0.00 0.00     0 2.155
 10  0 28 0.00 0.00 0.00     0 0.00 0.00 0.00     0 0.00 0.00 0.00     0 2.283
 10  0 28 0.00 0.00 0.00     0 0.00 0.00 0.00     0 0.00 0.00 0.00     0 0.016
 10  0 28 0.00 0.00 0.00     0 0.00 0.00 0.00     0 0.00 0.00 0.00     0 0.018
 10  0 28 0.00 0.00 0.00     0 0.00 0.00 0.00     0 0.00 0.00 0.00     0 0.018
 10  0 28 0.00 0.00 0.00     0 0.00 0.00 0.00     0 0.00 0.00 0.00     0 0.018
 10  0 28 0.00 0.00 0.00     0 0.00 0.00 0.00     0 53.68 0.00 0.00     0 0.016
 10  0 28 0.00 0.00 0.00     0 0.00 0.00 0.00     0 15.33 0.00 0.00     0 0.016
 10  0 28 0.00 0.00 0.00     0 0.00 0.00 0.00     0 15.33 0.00 0.00     0 0.016
 10  0 28 0.00 0.00 0.00     0 0.00 0.00 0.00     0 15.33 0.00 0.00     0 0.017
 10  0 28 0.00 0.00 0.00     0 0.00 0.00 0.00     0 15.33 0.00 0.00     0 0.016
 10  0 28 0.00 0.00 0.00     0 0.00 0.00 0.00     0 15.33 0.00 0.00     0 0.015
 10  0 28 13.71 2.09 2.09     0 0.00 0.00 0.00     0 15.06 2.09 2.09     0 0.017
 10  0 28 0.00 0.00 0.00     0 0.00 0.00 0.00     0 0.00 0.00 0.00     0 0.017
 10  0 28 0.00 0.00 0.00     0 0.00 0.00 0.00     0 0.00 0.00 0.00     0 0.027
 10  0 28 0.00 0.00 0.00     0 0.00 0.00 0.00     0 0.00 0.00 0.00     0 0.064
 10  0 28 0.00 0.00 0.00     0 0.00 0.00 0.00     0 0.00 0.00 0.00     0 0.060
 10  0 28 0.00 0.00 0.00     0 0.00 0.00 0.00     0 0.00 0.00 0.00     0 0.062
 10  0 28 0.00 0.00 0.00     0 0.00 0.00 0.00     0 0.00 0.00 0.00     0 0.055
 10  0 28 0.00 0.00 0.00     0 0.00 0.00 0.00     0 0.00 0.00 0.00     0 0.056
 10  0 28 0.00 0.00 0.00     0 0.00 0.00 0.00     0 0.00 0.00 0.00     0 0.053
 10  0 28 0.00 0.00 0.00     0 0.00 0.00 0.00     0 0.00 0.00 0.00     0 0.052
 10  0 28 0.00 0.00 0.00     0 0.00 0.00 0.00     0 0.00 0.00 0.00     0 0.053
 10  0 28 0.00 0.00 0.00     0 0.00 0.00 0.00     0 0.00 0.00 0.00     0 0.054
 10  0 28 0.00 0.00 0.00     0 0.00 0.00 0.00     0 0.00 0.00 0.00     0 1.526
  1  0 28 7.49 5.48 6.50     0 0.00 0.00 0.00     0 7.49 5.48 6.50     0 0.106
 10  0 28 0.00 0.00 0.00     0 0.00 0.00 0.00     0 0.00 0.00 0.00     0 0.055
 10  0 28 0.00 0.00 0.00     0 0.00 0.00 0.00     0 0.00 0.00 0.00     0 0.053
 10  0 28 0.00 0.00 0.00     0 0.00 0.00 0.00     0 0.00 0.00 0.00     0 0.055
 10  0 28 0.00 0.00 0.00     0 0.00 0.00 0.00     0 0.00 0.00 0.00     0 0.017
 10  0 28 0.00 0.00 0.00     0 0.00 0.00 0.00     0 0.00 0.00 0.00     0 0.018
