  3 28 28 37.39 41.26 42.85 21960 0.00 0.00 0.00     0 37.01 41.00 42.53 11336     0 0.969
149 28 28 37.40 41.25 43.09 21024 0.00 0.00 0.00     0 36.29 40.58 41.56  6435  1268 1.387
 10 28 28 37.38 41.26 42.85 21952 0.00 0.00 0.00     0 36.82 40.89 42.43  5972     0 4.011
 10 28 28 37.38 41.26 42.85 21952 0.00 0.00 0.00     0 36.82 40.89 42.43  5972     0 3.874
 10 28 28 37.38 41.26 42.85 21952 0.00 0.00 0.00     0 36.82 40.89 42.43  5972     0 4.360
 10 28 28 37.38 41.26 42.85 21952 0.00 0.00 0.00     0 36.82 40.89 42.43  5972     0 4.354
 10 28 28 37.38 41.26 42.85 21952 0.00 0.00 0.00     0 36.82 40.89 42.43  5972     0 3.892
 10 28 28 37.38 41.26 42.85 21952 0.00 0.00 0.00     0 36.82 40.89 42.43  5972     0 1.986
 10 28 28 37.38 41.26 42.85 21952 0.00 0.00 0.00     0 36.82 40.89 42.43  5972     0 1.422
150 28 28 37.38 41.26 42.85 21960 0.00 0.00 0.00     0 36.53 40.69 41.62  4137     0 2.293
 20 28 28 37.38 41.26 42.85 21952 0.00 0.00 0.00     0 36.70 40.81 42.31  5335     0 1.757
 20 28 28 37.38 41.26 42.85 21952 0.00 0.00 0.00     0 36.70 40.81 42.31  5335     0 1.854
 20 28 28 37.38 41.26 42.85 22392 0.00 0.00 0.00     0 36.71 40.77 42.34  5352     0 1.808
 20 28 28 37.38 41.26 42.85 22912 0.00 0.00 0.00     0 36.70 40.81 42.31  5383     0 2.016
 20 28 28 37.38 41.26 42.85 21952 0.00 0.00 0.00     0 36.70 40.81 42.31  5335     0 2.102
 20 28 28 37.38 41.26 42.85 21952 0.00 0.00 0.00     0 36.70 40.81 42.31  5335     0 2.208
 20 28 28 37.38 41.26 42.85 21952 0.00 0.00 0.00     0 36.70 40.81 42.31  5335     0 2.250
 10 28 28 37.38 41.26 42.85 21952 0.00 0.00 0.00     0 36.82 40.89 42.43  5972     0 2.466
 10 28 28 37.38 41.26 42.85 21952 0.00 0.00 0.00     0 36.82 40.89 42.43  5972     0 1.313
 10 28 28 37.38 41.26 42.85 21960 0.00 0.00 0.00     0 36.82 40.89 42.43  5972     0 1.311
 10 28 28 37.38 41.26 42.85 21952 0.00 0.00 0.00     0 36.82 40.89 42.43  5972     0 1.300
 10 28 28 37.38 41.26 42.85 21952 0.00 0.00 0.00     0 36.82 40.89 42.43  5972     0 1.288
 10 28 28 37.38 41.26 42.85 21952 0.00 0.00 0.00     0 36.82 40.89 42.43  5972     0 1.282
 10 28 28 37.38 41.26 42.85 21952 0.00 0.00 0.00     0 36.82 40.89 42.43  5972     0 1.546
